cam0:
  cam_overlaps: [1]
  camera_model: pinhole
  distortion_coeffs: [-0.013721808247486035, 0.020727425669427896, -0.012786476702685545,
    0.0025242267320687625]
  distortion_model: equidistant
  intrinsics: [278.66723066149086, 278.48991409740296, 319.75221200593535, 241.96858910358173]
  resolution: [640, 480]
  rostopic: /snappy_cam/stereo_l
cam1:
  T_cn_cnm1:
  - [0.9998053017199768, 0.011197738450911482, 0.016247132245484134, -0.07961594300469246]
  - [-0.011147758116323998, 0.9999328574031366, -0.0031635699090552883, 0.0007443452072558462]
  - [-0.016281466199246437, 0.00298183486707869, 0.9998630018753666, 0.0004425529195268342]
  - [0.0, 0.0, 0.0, 1.0]
  cam_overlaps: [0]
  camera_model: pinhole
  distortion_coeffs: [-0.008456929295619607, 0.011407590938612062, -0.006951788325762078,
    0.0015368127092821786]
  distortion_model: equidistant
  intrinsics: [277.61640629770613, 277.63749695723294, 314.8944703346039, 236.04310050462587]
  resolution: [640, 480]
  rostopic: /snappy_cam/stereo_r
